0.02
0.08
0.06
0.09
0.1
0.05
0.08
0.09
0.06
0.04
0.05
0.08
0.05
0.03
0.07
0.04
0.04
0.08
0.03
0.03
0.03
0.02
0.04
0.03
0.04
0.02
0.02
0.03
0.03
0.05
0.03
0.01
0.02
0.05
0.03
0.02
0.02
0.03
0.02
0.03
0.02
0.08
0.08
0.05
0.05
0.09
0.05
0.07
0.05
0.05
0.09
0.09
0.03
0.04
0.03
0.03
0.03
0.04
0.02
0.02
0.02
0.07
0.02
0.02
0.02
0.03
0.03
0.02
0.03
0.02
0.03
0.01
0.02
0.03
0.01
0.03
0.03
0.02
0.02
0.03
0.02
0.22
0.04
0.22
0.23
0.1
0.24
0.08
0.21
0.25
0.23
0.04
0.06
0.08
0.05
0.22
0.21
0.1
0.12
0.11
0.11
0.01
0.02
0.01
0.03
0.03
0.03
0.03
0.03
0.03
0.04
0.03
0.02
0.03
0.03
0.01
0.04
0.03
0.06
0.02
0.04
0.07
0.17
0.08
0.12
0.06
0.12
0.09
0.23
0.07
0.21
0.08
0.1
0.04
0.08
0.04
0.19
0.04
0.03
0.07
0.08
0.3
0.28
0.26
0.76
0.35
1.01
0.43
0.26
0.24
0.26
0.16
0.16
0.16
0.16
0.16
0.46
0.27
0.05
0.02
0.05
0.07
0.02
0.06
0.03
0.05
0.04
0.05
0.03
0.03
0.04
0.03
0.03
0.03
0.02
0.07
0.03
0.03